0.000000	0.000000
.003142	.003142
.006283	.006283
.009425	.009425
.012566	.012566
.015708	.015708
.018850	.018850
.021991	.021991
.025133	.025133
.028274	.028274
.031416	.031416
.034558	.034558
.037699	.037699
.040841	.040841
.043982	.043982
.047124	.047124
.050265	.050265
.053407	.053407
.056549	.056549
.059690	.059690
.062832	.062832
.065973	.065973
.069115	.069115
.072257	.072256
.075398	.075398
.078540	.078540
.081681	.081681
.084823	.084823
.087965	.087964
.091106	.091106
.094248	.094247
.097389	.097388
.100531	.100530
.103673	.103671
.106814	.106813
.109956	.109954
.113097	.113095
.116239	.116237
.119381	.119378
.122522	.122519
.125664	.125661
.128805	.128802
.131947	.131943
.135088	.135084
.138230	.138225
.141372	.141366
.144513	.144507
.147655	.147648
.150796	.150789
.153938	.153929
.157080	.157070
.160221	.160211
.163363	.163351
.166504	.166492
.169646	.169632
.172788	.172772
.175929	.175912
.179071	.179052
.182212	.182192
.185354	.185332
.188496	.188472
.191637	.191611
.194779	.194751
.197920	.197890
.201062	.201029
.204204	.204168
.207345	.207307
.210487	.210445
.213628	.213584
.216770	.216722
.219911	.219860
.223053	.222998
.226195	.226135
.229336	.229273
.232478	.232410
.235619	.235547
.238761	.238683
.241903	.241820
.245044	.244956
.248186	.248092
.251327	.251227
.254469	.254362
.257611	.257497
.260752	.260632
.263894	.263766
.267035	.266900
.270177	.270033
.273319	.273166
.276460	.276299
.279602	.279431
.282743	.282563
.285885	.285694
.289027	.288825
.292168	.291955
.295310	.295085
.298451	.298215
.301593	.301343
.304734	.304472
.307876	.307600
.311018	.310727
.314159	.313853
.317301	.316979
.320442	.320105
.323584	.323229
.326726	.326354
.329867	.329477
.333009	.332600
.336150	.335721
.339292	.338843
.342434	.341963
.345575	.345083
.348717	.348201
.351858	.351319
.355000	.354437
.358142	.357553
.361283	.360668
.364425	.363783
.367566	.366896
.370708	.370008
.373850	.373120
.376991	.376230
.380133	.379340
.383274	.382448
.386416	.385555
.389557	.388661
.392699	.391766
.395841	.394870
.398982	.397972
.402124	.401074
.405265	.404174
.408407	.407272
.411549	.410370
.414690	.413466
.417832	.416560
.420973	.419653
.424115	.422745
.427257	.425835
.430398	.428924
.433540	.432011
.436681	.435096
.439823	.438180
.442965	.441262
.446106	.444343
.449248	.447421
.452389	.450498
.455531	.453573
.458673	.456647
.461814	.459718
.464956	.462787
.468097	.465855
.471239	.468920
.474380	.471984
.477522	.475045
.480664	.478104
.483805	.481161
.486947	.484216
.490088	.487269
.493230	.490319
.496372	.493367
.499513	.496412
.502655	.499455
.505796	.502496
.508938	.505534
.512080	.508570
.515221	.511603
.518363	.514633
.521504	.517660
.524646	.520685
.527788	.523707
.530929	.526726
.534071	.529742
.537212	.532755
.540354	.535765
.543496	.538772
.546637	.541776
.549779	.544777
.552920	.547775
.556062	.550769
.559203	.553760
.562345	.556747
.565487	.559732
.568628	.562712
.571770	.565689
.574911	.568662
.578053	.571632
.581195	.574598
.584336	.577560
.587478	.580519
.590619	.583473
.593761	.586423
.596903	.589370
.600044	.592312
.603186	.595250
.606327	.598184
.609469	.601113
.612611	.604038
.615752	.606959
.618894	.609875
.622035	.612787
.625177	.615694
.628319	.618596
.631460	.621494
.634602	.624387
.637743	.627274
.640885	.630157
.644027	.633035
.647168	.635908
.650310	.638775
.653451	.641637
.656593	.644494
.659734	.647345
.662876	.650191
.666018	.653032
.669159	.655866
.672301	.658695
.675442	.661519
.678584	.664336
.681726	.667147
.684867	.669953
.688009	.672752
.691150	.675545
.694292	.678332
.697434	.681112
.700575	.683886
.703717	.686654
.706858	.689415
.710000	.692169
.713142	.694916
.716283	.697657
.719425	.700390
.722566	.703117
.725708	.705836
.728850	.708549
.731991	.711254
.735133	.713951
.738274	.716641
.741416	.719324
.744557	.721999
.747699	.724666
.750841	.727325
.753982	.729977
.757124	.732620
.760265	.735256
.763407	.737883
.766549	.740502
.769690	.743112
.772832	.745714
.775973	.748308
.779115	.750892
.782257	.753468
.785398	.756035
.788540	.758593
.791681	.761142
.794823	.763682
.797965	.766213
.801106	.768734
.804248	.771246
.807389	.773748
.810531	.776241
.813673	.778723
.816814	.781196
.819956	.783659
.823097	.786112
.826239	.788555
.829380	.790987
.832522	.793409
.835664	.795821
.838805	.798222
.841947	.800612
.845088	.802991
.848230	.805359
.851372	.807717
.854513	.810063
.857655	.812398
.860796	.814722
.863938	.817034
.867080	.819334
.870221	.821623
.873363	.823900
.876504	.826166
.879646	.828419
.882788	.830660
.885929	.832889
.889071	.835105
.892212	.837309
.895354	.839500
.898496	.841679
.901637	.843845
.904779	.845998
.907920	.848138
.911062	.850264
.914203	.852378
.917345	.854478
.920487	.856564
.923628	.858637
.926770	.860696
.929911	.862742
.933053	.864773
.936195	.866791
.939336	.868794
.942478	.870782
.945619	.872757
.948761	.874717
.951903	.876662
.955044	.878592
.958186	.880507
.961327	.882408
.964469	.884293
.967611	.886163
.970752	.888018
.973894	.889857
.977035	.891680
.980177	.893488
.983319	.895280
.986460	.897056
.989602	.898816
.992743	.900559
.995885	.902287
.999026	.903997
1.002168	.905692
1.005310	.907369
1.008451	.909030
1.011593	.910674
1.014734	.912301
1.017876	.913910
1.021018	.915502
1.024159	.917077
1.027301	.918635
1.030442	.920174
1.033584	.921696
1.036726	.923201
1.039867	.924687
1.043009	.926155
1.046150	.927604
1.049292	.929036
1.052434	.930449
1.055575	.931843
1.058717	.933219
1.061858	.934575
1.065000	.935913
1.068142	.937232
1.071283	.938532
1.074425	.939812
1.077566	.941073
1.080708	.942315
1.083849	.943537
1.086991	.944739
1.090133	.945921
1.093274	.947083
1.096416	.948225
1.099557	.949347
1.102699	.950449
1.105841	.951531
1.108982	.952591
1.112124	.953631
1.115265	.954651
1.118407	.955650
1.121549	.956627
1.124690	.957584
1.127832	.958519
1.130973	.959433
1.134115	.960326
1.137257	.961197
1.140398	.962047
1.143540	.962875
1.146681	.963681
1.149823	.964465
1.152965	.965228
1.156106	.965968
1.159248	.966686
1.162389	.967381
1.165531	.968055
1.168672	.968706
1.171814	.969334
1.174956	.969939
1.178097	.970522
1.181239	.971082
1.184380	.971619
1.187522	.972133
1.190664	.972624
1.193805	.973091
1.196947	.973535
1.200088	.973956
1.203230	.974353
1.206372	.974727
1.209513	.975077
1.212655	.975404
1.215796	.975706
1.218938	.975985
1.222080	.976239
1.225221	.976470
1.228363	.976677
1.231504	.976859
1.234646	.977017
1.237788	.977151
1.240929	.977260
1.244071	.977345
1.247212	.977405
1.250354	.977440
1.253496	.977451
1.256637	.977438
1.259779	.977399
1.262920	.977335
1.266062	.977247
1.269203	.977134
1.272345	.976995
1.275487	.976832
1.278628	.976643
1.281770	.976429
1.284911	.976190
1.288053	.975926
1.291195	.975636
1.294336	.975321
1.297478	.974981
1.300619	.974615
1.303761	.974224
1.306903	.973807
1.310044	.973364
1.313186	.972896
1.316327	.972403
1.319469	.971883
1.322611	.971338
1.325752	.970768
1.328894	.970171
1.332035	.969549
1.335177	.968901
1.338319	.968228
1.341460	.967528
1.344602	.966803
1.347743	.966052
1.350885	.965275
1.354026	.964473
1.357168	.963644
1.360310	.962790
1.363451	.961910
1.366593	.961004
1.369734	.960073
1.372876	.959115
1.376018	.958132
1.379159	.957123
1.382301	.956088
1.385442	.955028
1.388584	.953942
1.391726	.952830
1.394867	.951692
1.398009	.950529
1.401150	.949341
1.404292	.948127
1.407434	.946887
1.410575	.945622
1.413717	.944331
1.416858	.943015
1.420000	.941674
1.423142	.940307
1.426283	.938915
1.429425	.937498
1.432566	.936056
1.435708	.934588
1.438849	.933096
1.441991	.931579
1.445133	.930037
1.448274	.928470
1.451416	.926878
1.454557	.925262
1.457699	.923621
1.460841	.921956
1.463982	.920267
1.467124	.918553
1.470265	.916815
1.473407	.915052
1.476549	.913266
1.479690	.911456
1.482832	.909622
1.485973	.907765
1.489115	.905883
1.492257	.903979
1.495398	.902051
1.498540	.900100
1.501681	.898125
1.504823	.896128
1.507965	.894108
1.511106	.892065
1.514248	.890000
1.517389	.887912
1.520531	.885802
1.523673	.883670
1.526814	.881516
1.529956	.879340
1.533097	.877142
1.536239	.874923
1.539380	.872682
1.542522	.870420
1.545664	.868137
1.548805	.865834
1.551947	.863509
1.555088	.861165
1.558230	.858799
1.561372	.856414
1.564513	.854009
1.567655	.851584
1.570796	.849139
1.573938	.846675
1.577080	.844192
1.580221	.841690
1.583363	.839170
1.586504	.836630
1.589646	.834073
1.592788	.831497
1.595929	.828904
1.599071	.826292
1.602212	.823664
1.605354	.821018
1.608496	.818355
1.611637	.815676
1.614779	.812980
1.617920	.810268
1.621062	.807540
1.624203	.804796
1.627345	.802036
1.630487	.799262
1.633628	.796472
1.636770	.793668
1.639911	.790850
1.643053	.788017
1.646195	.785170
1.649336	.782310
1.652478	.779437
1.655619	.776550
1.658761	.773651
1.661903	.770739
1.665044	.767815
1.668186	.764879
1.671327	.761932
1.674469	.758973
1.677611	.756004
1.680752	.753024
1.683894	.750033
1.687035	.747033
1.690177	.744023
1.693319	.741003
1.696460	.737974
1.699602	.734937
1.702743	.731891
1.705885	.728837
1.709026	.725776
1.712168	.722707
1.715310	.719631
1.718451	.716548
1.721593	.713459
1.724734	.710364
1.727876	.707263
1.731018	.704157
1.734159	.701046
1.737301	.697931
1.740442	.694811
1.743584	.691687
1.746726	.688560
1.749867	.685430
1.753009	.682297
1.756150	.679162
1.759292	.676024
1.762434	.672885
1.765575	.669745
1.768717	.666604
1.771858	.663463
1.775000	.660321
1.778142	.657180
1.781283	.654039
1.784425	.650900
1.787566	.647762
1.790708	.644626
1.793850	.641492
1.796991	.638361
1.800133	.635233
1.803274	.632109
1.806416	.628988
1.809557	.625872
1.812699	.622761
1.815841	.619655
1.818982	.616554
1.822124	.613459
1.825265	.610371
1.828407	.607289
1.831549	.604215
1.834690	.601148
1.837832	.598089
1.840973	.595039
1.844115	.591998
1.847257	.588966
1.850398	.585944
1.853540	.582932
1.856681	.579930
1.859823	.576940
1.862965	.573961
1.866106	.570994
1.869248	.568039
1.872389	.565097
1.875531	.562168
1.878673	.559253
1.881814	.556352
1.884956	.553465
1.888097	.550593
1.891239	.547737
1.894380	.544896
1.897522	.542071
1.900664	.539263
1.903805	.536472
1.906947	.533699
1.910088	.530943
1.913230	.528205
1.916372	.525487
1.919513	.522787
1.922655	.520107
1.925796	.517447
1.928938	.514808
1.932080	.512189
1.935221	.509592
1.938363	.507016
1.941504	.504462
1.944646	.501931
1.947788	.499423
1.950929	.496938
1.954071	.494477
1.957212	.492040
1.960354	.489627
1.963496	.487240
1.966637	.484878
1.969779	.482542
1.972920	.480232
1.976062	.477948
1.979203	.475691
1.982345	.473462
1.985487	.471261
1.988628	.469087
1.991770	.466942
1.994911	.464826
1.998053	.462740
2.001195	.460683
2.004336	.458656
2.007478	.456659
2.010619	.454693
2.013761	.452758
2.016903	.450855
2.020044	.448984
2.023186	.447144
2.026327	.445338
2.029469	.443564
2.032611	.441823
2.035752	.440116
2.038894	.438443
2.042035	.436803
2.045177	.435199
2.048319	.433629
2.051460	.432095
2.054602	.430595
2.057743	.429132
2.060885	.427705
2.064027	.426314
2.067168	.424960
2.070310	.423642
2.073451	.422362
2.076593	.421119
2.079734	.419914
2.082876	.418748
2.086018	.417619
2.089159	.416529
2.092301	.415478
2.095442	.414465
2.098584	.413492
2.101726	.412559
2.104867	.411665
2.108009	.410811
2.111150	.409997
2.114292	.409223
2.117434	.408490
2.120575	.407798
2.123717	.407146
2.126858	.406536
2.130000	.405967
2.133142	.405439
2.136283	.404953
2.139425	.404508
2.142566	.404106
2.145708	.403745
2.148850	.403426
2.151991	.403150
2.155133	.402916
2.158274	.402724
2.161416	.402575
2.164557	.402469
2.167699	.402405
2.170841	.402384
2.173982	.402406
2.177124	.402471
2.180265	.402579
2.183407	.402730
2.186549	.402923
2.189690	.403160
2.192832	.403440
2.195973	.403763
2.199115	.404130
2.202257	.404539
2.205398	.404991
2.208540	.405486
2.211681	.406025
2.214823	.406606
2.217965	.407230
2.221106	.407897
2.224248	.408607
2.227389	.409359
2.230531	.410155
2.233673	.410992
2.236814	.411872
2.239956	.412795
2.243097	.413759
2.246239	.414766
2.249380	.415814
2.252522	.416904
2.255664	.418036
2.258805	.419209
2.261947	.420424
2.265088	.421679
2.268230	.422975
2.271372	.424312
2.274513	.425690
2.277655	.427108
2.280796	.428565
2.283938	.430063
2.287080	.431599
2.290221	.433175
2.293363	.434790
2.296504	.436444
2.299646	.438136
2.302788	.439866
2.305929	.441634
2.309071	.443439
2.312212	.445282
2.315354	.447161
2.318496	.449076
2.321637	.451028
2.324779	.453015
2.327920	.455038
2.331062	.457096
2.334204	.459188
2.337345	.461314
2.340487	.463474
2.343628	.465668
2.346770	.467894
2.349911	.470153
2.353053	.472443
2.356195	.474765
2.359336	.477119
2.362478	.479503
2.365619	.481917
2.368761	.484360
2.371903	.486833
2.375044	.489334
2.378186	.491864
2.381327	.494420
2.384469	.497004
2.387611	.499615
2.390752	.502251
2.393894	.504913
2.397035	.507600
2.400177	.510310
2.403319	.513045
2.406460	.515802
2.409602	.518582
2.412743	.521384
2.415885	.524207
2.419027	.527050
2.422168	.529914
2.425310	.532797
2.428451	.535698
2.431593	.538618
2.434734	.541555
2.437876	.544508
2.441018	.547478
2.444159	.550463
2.447301	.553463
2.450442	.556477
2.453584	.559504
2.456726	.562543
2.459867	.565595
2.463009	.568658
2.466150	.571731
2.469292	.574814
2.472434	.577906
2.475575	.581006
2.478717	.584114
2.481858	.587228
2.485000	.590349
2.488142	.593474
2.491283	.596605
2.494425	.599739
2.497566	.602876
2.500708	.606015
2.503850	.609156
2.506991	.612298
2.510133	.615439
2.513274	.618580
2.516416	.621719
2.519557	.624855
2.522699	.627988
2.525841	.631117
2.528982	.634242
2.532124	.637361
2.535265	.640473
2.538407	.643578
2.541549	.646675
2.544690	.649764
2.547832	.652842
2.550973	.655911
2.554115	.658968
2.557257	.662013
2.560398	.665046
2.563540	.668064
2.566681	.671069
2.569823	.674058
2.572965	.677031
2.576106	.679987
2.579248	.682926
2.582389	.685847
2.585531	.688748
2.588673	.691629
2.591814	.694490
2.594956	.697329
2.598097	.700146
2.601239	.702939
2.604381	.705709
2.607522	.708454
2.610664	.711174
2.613805	.713867
2.616947	.716534
2.620088	.719173
2.623230	.721784
2.626372	.724365
2.629513	.726917
2.632655	.729438
2.635796	.731927
2.638938	.734385
2.642080	.736809
2.645221	.739201
2.648363	.741558
2.651504	.743880
2.654646	.746166
2.657788	.748417
2.660929	.750630
2.664071	.752806
2.667212	.754943
2.670354	.757042
2.673496	.759101
2.676637	.761120
2.679779	.763099
2.682920	.765036
2.686062	.766931
2.689204	.768783
2.692345	.770592
2.695487	.772358
2.698628	.774079
2.701770	.775755
2.704911	.777387
2.708053	.778972
2.711195	.780511
2.714336	.782003
2.717478	.783447
2.720619	.784844
2.723761	.786193
2.726903	.787493
2.730044	.788743
2.733186	.789944
2.736327	.791095
2.739469	.792195
2.742611	.793245
2.745752	.794244
2.748894	.795191
2.752035	.796086
2.755177	.796929
2.758319	.797719
2.761460	.798457
2.764602	.799141
2.767743	.799772
2.770885	.800350
2.774027	.800873
2.777168	.801343
2.780310	.801758
2.783451	.802119
2.786593	.802425
2.789734	.802677
2.792876	.802873
2.796018	.803015
2.799159	.803101
2.802301	.803132
2.805442	.803108
2.808584	.803028
2.811726	.802893
2.814867	.802703
2.818009	.802457
2.821150	.802156
2.824292	.801799
2.827434	.801387
2.830575	.800920
2.833717	.800397
2.836858	.799820
2.840000	.799187
2.843142	.798500
2.846283	.797758
2.849425	.796962
2.852566	.796111
2.855708	.795207
2.858850	.794248
2.861991	.793236
2.865133	.792171
2.868274	.791052
2.871416	.789881
2.874557	.788657
2.877699	.787382
2.880841	.786054
2.883982	.784676
2.887124	.783246
2.890265	.781766
2.893407	.780236
2.896549	.778656
2.899690	.777027
2.902832	.775349
2.905973	.773624
2.909115	.771850
2.912257	.770030
2.915398	.768163
2.918540	.766250
2.921681	.764291
2.924823	.762288
2.927965	.760241
2.931106	.758150
2.934248	.756016
2.937389	.753841
2.940531	.751623
2.943673	.749366
2.946814	.747068
2.949956	.744730
2.953097	.742355
2.956239	.739941
2.959381	.737491
2.962522	.735004
2.965664	.732482
2.968805	.729926
2.971947	.727336
2.975088	.724714
2.978230	.722059
2.981372	.719374
2.984513	.716658
2.987655	.713913
2.990796	.711140
2.993938	.708340
2.997080	.705514
3.000221	.702662
3.003363	.699786
3.006504	.696886
3.009646	.693965
3.012788	.691022
3.015929	.688058
3.019071	.685076
3.022212	.682075
3.025354	.679057
3.028496	.676023
3.031637	.672974
3.034779	.669911
3.037920	.666836
3.041062	.663749
3.044204	.660651
3.047345	.657544
3.050487	.654428
3.053628	.651306
3.056770	.648177
3.059911	.645043
3.063053	.641906
3.066195	.638766
3.069336	.635625
3.072478	.632483
3.075619	.629343
3.078761	.626204
3.081903	.623069
3.085044	.619938
3.088186	.616813
3.091327	.613695
3.094469	.610585
3.097611	.607484
3.100752	.604393
3.103894	.601314
3.107035	.598248
3.110177	.595195
3.113319	.592158
3.116460	.589136
3.119602	.586133
3.122743	.583148
3.125885	.580182
3.129027	.577238
3.132168	.574316
3.135310	.571417
3.138451	.568542
3.141593	.565693
