0.000000	0.000000
.003142	.000000
.006283	.000000
.009425	.000000
.012566	.000001
.015708	.000001
.018850	.000002
.021991	.000004
.025133	.000005
.028274	.000008
.031416	.000010
.034558	.000014
.037699	.000018
.040841	.000023
.043982	.000028
.047124	.000035
.050265	.000042
.053407	.000051
.056549	.000060
.059690	.000071
.062832	.000083
.065973	.000096
.069115	.000110
.072257	.000126
.075398	.000143
.078540	.000161
.081681	.000182
.084823	.000203
.087965	.000227
.091106	.000252
.094248	.000279
.097389	.000308
.100531	.000339
.103673	.000371
.106814	.000406
.109956	.000443
.113097	.000482
.116239	.000524
.119381	.000567
.122522	.000613
.125664	.000661
.128805	.000712
.131947	.000766
.135088	.000822
.138230	.000880
.141372	.000942
.144513	.001006
.147655	.001073
.150796	.001143
.153938	.001216
.157080	.001292
.160221	.001371
.163363	.001453
.166504	.001539
.169646	.001627
.172788	.001719
.175929	.001815
.179071	.001914
.182212	.002016
.185354	.002123
.188496	.002232
.191637	.002346
.194779	.002463
.197920	.002584
.201062	.002709
.204204	.002838
.207345	.002971
.210487	.003108
.213628	.003249
.216770	.003395
.219911	.003544
.223053	.003699
.226195	.003857
.229336	.004020
.232478	.004187
.235619	.004359
.238761	.004536
.241903	.004717
.245044	.004903
.248186	.005094
.251327	.005290
.254469	.005491
.257611	.005697
.260752	.005908
.263894	.006124
.267035	.006345
.270177	.006571
.273319	.006803
.276460	.007040
.279602	.007283
.282743	.007531
.285885	.007785
.289027	.008044
.292168	.008309
.295310	.008580
.298451	.008856
.301593	.009139
.304734	.009427
.307876	.009721
.311018	.010022
.314159	.010328
.317301	.010641
.320442	.010960
.323584	.011285
.326726	.011616
.329867	.011954
.333009	.012299
.336150	.012650
.339292	.013007
.342434	.013372
.345575	.013742
.348717	.014120
.351858	.014505
.355000	.014896
.358142	.015294
.361283	.015700
.364425	.016112
.367566	.016532
.370708	.016959
.373850	.017393
.376991	.017834
.380133	.018283
.383274	.018739
.386416	.019202
.389557	.019673
.392699	.020152
.395841	.020639
.398982	.021133
.402124	.021635
.405265	.022144
.408407	.022662
.411549	.023187
.414690	.023721
.417832	.024263
.420973	.024812
.424115	.025370
.427257	.025936
.430398	.026511
.433540	.027094
.436681	.027685
.439823	.028285
.442965	.028893
.446106	.029510
.449248	.030135
.452389	.030769
.455531	.031412
.458673	.032064
.461814	.032724
.464956	.033394
.468097	.034072
.471239	.034759
.474380	.035456
.477522	.036161
.480664	.036876
.483805	.037600
.486947	.038334
.490088	.039076
.493230	.039828
.496372	.040590
.499513	.041361
.502655	.042141
.505796	.042931
.508938	.043731
.512080	.044541
.515221	.045360
.518363	.046189
.521504	.047028
.524646	.047877
.527788	.048736
.530929	.049605
.534071	.050484
.537212	.051373
.540354	.052272
.543496	.053181
.546637	.054101
.549779	.055031
.552920	.055971
.556062	.056922
.559203	.057883
.562345	.058855
.565487	.059837
.568628	.060830
.571770	.061834
.574911	.062848
.578053	.063873
.581195	.064909
.584336	.065955
.587478	.067013
.590619	.068081
.593761	.069160
.596903	.070250
.600044	.071352
.603186	.072464
.606327	.073588
.609469	.074722
.612611	.075868
.615752	.077026
.618894	.078194
.622035	.079374
.625177	.080565
.628319	.081767
.631460	.082982
.634602	.084207
.637743	.085444
.640885	.086693
.644027	.087953
.647168	.089225
.650310	.090508
.653451	.091803
.656593	.093110
.659734	.094429
.662876	.095759
.666018	.097102
.669159	.098456
.672301	.099822
.675442	.101200
.678584	.102590
.681726	.103992
.684867	.105406
.688009	.106833
.691150	.108271
.694292	.109721
.697434	.111184
.700575	.112658
.703717	.114145
.706858	.115644
.710000	.117156
.713142	.118679
.716283	.120215
.719425	.121763
.722566	.123324
.725708	.124897
.728850	.126482
.731991	.128080
.735133	.129690
.738274	.131312
.741416	.132947
.744557	.134595
.747699	.136255
.750841	.137927
.753982	.139612
.757124	.141310
.760265	.143020
.763407	.144743
.766549	.146478
.769690	.148226
.772832	.149987
.775973	.151760
.779115	.153545
.782257	.155344
.785398	.157155
.788540	.158978
.791681	.160815
.794823	.162664
.797965	.164525
.801106	.166399
.804248	.168286
.807389	.170186
.810531	.172098
.813673	.174023
.816814	.175961
.819956	.177911
.823097	.179874
.826239	.181850
.829380	.183838
.832522	.185839
.835664	.187852
.838805	.189879
.841947	.191917
.845088	.193969
.848230	.196033
.851372	.198109
.854513	.200199
.857655	.202300
.860796	.204415
.863938	.206542
.867080	.208681
.870221	.210833
.873363	.212997
.876504	.215174
.879646	.217363
.882788	.219565
.885929	.221779
.889071	.224005
.892212	.226244
.895354	.228495
.898496	.230759
.901637	.233034
.904779	.235322
.907920	.237622
.911062	.239935
.914203	.242259
.917345	.244596
.920487	.246944
.923628	.249305
.926770	.251677
.929911	.254062
.933053	.256458
.936195	.258867
.939336	.261287
.942478	.263719
.945619	.266163
.948761	.268618
.951903	.271085
.955044	.273563
.958186	.276054
.961327	.278555
.964469	.281068
.967611	.283593
.970752	.286128
.973894	.288675
.977035	.291234
.980177	.293803
.983319	.296383
.986460	.298975
.989602	.301577
.992743	.304191
.995885	.306815
.999026	.309450
1.002168	.312095
1.005310	.314751
1.008451	.317418
1.011593	.320095
1.014734	.322783
1.017876	.325481
1.021018	.328189
1.024159	.330907
1.027301	.333636
1.030442	.336374
1.033584	.339122
1.036726	.341881
1.039867	.344648
1.043009	.347426
1.046150	.350213
1.049292	.353010
1.052434	.355816
1.055575	.358631
1.058717	.361455
1.061858	.364289
1.065000	.367131
1.068142	.369982
1.071283	.372843
1.074425	.375711
1.077566	.378589
1.080708	.381475
1.083849	.384369
1.086991	.387271
1.090133	.390182
1.093274	.393101
1.096416	.396027
1.099557	.398962
1.102699	.401904
1.105841	.404853
1.108982	.407810
1.112124	.410775
1.115265	.413746
1.118407	.416725
1.121549	.419711
1.124690	.422703
1.127832	.425702
1.130973	.428708
1.134115	.431720
1.137257	.434738
1.140398	.437763
1.143540	.440793
1.146681	.443830
1.149823	.446872
1.152965	.449920
1.156106	.452973
1.159248	.456031
1.162389	.459095
1.165531	.462163
1.168672	.465237
1.171814	.468315
1.174956	.471398
1.178097	.474485
1.181239	.477576
1.184380	.480671
1.187522	.483771
1.190664	.486874
1.193805	.489980
1.196947	.493090
1.200088	.496203
1.203230	.499320
1.206372	.502439
1.209513	.505561
1.212655	.508686
1.215796	.511813
1.218938	.514942
1.222080	.518073
1.225221	.521206
1.228363	.524341
1.231504	.527477
1.234646	.530615
1.237788	.533754
1.240929	.536893
1.244071	.540034
1.247212	.543175
1.250354	.546316
1.253496	.549458
1.256637	.552599
1.259779	.555741
1.262920	.558882
1.266062	.562022
1.269203	.565161
1.272345	.568300
1.275487	.571437
1.278628	.574573
1.281770	.577708
1.284911	.580840
1.288053	.583970
1.291195	.587099
1.294336	.590224
1.297478	.593348
1.300619	.596468
1.303761	.599585
1.306903	.602699
1.310044	.605809
1.313186	.608915
1.316327	.612018
1.319469	.615116
1.322611	.618210
1.325752	.621300
1.328894	.624384
1.332035	.627463
1.335177	.630538
1.338319	.633606
1.341460	.636669
1.344602	.639726
1.347743	.642776
1.350885	.645820
1.354026	.648857
1.357168	.651888
1.360310	.654911
1.363451	.657927
1.366593	.660935
1.369734	.663935
1.372876	.666927
1.376018	.669911
1.379159	.672886
1.382301	.675853
1.385442	.678810
1.388584	.681758
1.391726	.684696
1.394867	.687624
1.398009	.690543
1.401150	.693451
1.404292	.696348
1.407434	.699235
1.410575	.702110
1.413717	.704975
1.416858	.707827
1.420000	.710668
1.423142	.713497
1.426283	.716313
1.429425	.719117
1.432566	.721908
1.435708	.724686
1.438849	.727450
1.441991	.730201
1.445133	.732938
1.448274	.735661
1.451416	.738370
1.454557	.741064
1.457699	.743743
1.460841	.746407
1.463982	.749055
1.467124	.751688
1.470265	.754305
1.473407	.756906
1.476549	.759490
1.479690	.762058
1.482832	.764609
1.485973	.767142
1.489115	.769659
1.492257	.772157
1.495398	.774637
1.498540	.777100
1.501681	.779543
1.504823	.781968
1.507965	.784374
1.511106	.786761
1.514248	.789128
1.517389	.791476
1.520531	.793803
1.523673	.796111
1.526814	.798397
1.529956	.800663
1.533097	.802908
1.536239	.805132
1.539380	.807334
1.542522	.809514
1.545664	.811672
1.548805	.813808
1.551947	.815922
1.555088	.818013
1.558230	.820080
1.561372	.822125
1.564513	.824146
1.567655	.826143
1.570796	.828116
1.573938	.830065
1.577080	.831990
1.580221	.833890
1.583363	.835765
1.586504	.837615
1.589646	.839439
1.592788	.841238
1.595929	.843011
1.599071	.844757
1.602212	.846478
1.605354	.848172
1.608496	.849839
1.611637	.851479
1.614779	.853092
1.617920	.854677
1.621062	.856235
1.624203	.857765
1.627345	.859267
1.630487	.860741
1.633628	.862186
1.636770	.863602
1.639911	.864989
1.643053	.866348
1.646195	.867677
1.649336	.868976
1.652478	.870246
1.655619	.871486
1.658761	.872696
1.661903	.873875
1.665044	.875025
1.668186	.876143
1.671327	.877230
1.674469	.878287
1.677611	.879312
1.680752	.880306
1.683894	.881269
1.687035	.882200
1.690177	.883099
1.693319	.883966
1.696460	.884800
1.699602	.885603
1.702743	.886373
1.705885	.887110
1.709026	.887815
1.712168	.888486
1.715310	.889125
1.718451	.889730
1.721593	.890302
1.724734	.890841
1.727876	.891346
1.731018	.891817
1.734159	.892255
1.737301	.892658
1.740442	.893028
1.743584	.893363
1.746726	.893665
1.749867	.893932
1.753009	.894164
1.756150	.894362
1.759292	.894525
1.762434	.894654
1.765575	.894748
1.768717	.894807
1.771858	.894831
1.775000	.894820
1.778142	.894774
1.781283	.894693
1.784425	.894577
1.787566	.894426
1.790708	.894239
1.793850	.894017
1.796991	.893760
1.800133	.893468
1.803274	.893140
1.806416	.892777
1.809557	.892378
1.812699	.891944
1.815841	.891475
1.818982	.890970
1.822124	.890429
1.825265	.889854
1.828407	.889243
1.831549	.888596
1.834690	.887915
1.837832	.887198
1.840973	.886445
1.844115	.885658
1.847257	.884835
1.850398	.883977
1.853540	.883084
1.856681	.882157
1.859823	.881194
1.862965	.880196
1.866106	.879163
1.869248	.878096
1.872389	.876994
1.875531	.875858
1.878673	.874687
1.881814	.873482
1.884956	.872242
1.888097	.870969
1.891239	.869661
1.894380	.868320
1.897522	.866945
1.900664	.865536
1.903805	.864094
1.906947	.862619
1.910088	.861110
1.913230	.859569
1.916372	.857995
1.919513	.856388
1.922655	.854748
1.925796	.853077
1.928938	.851373
1.932080	.849638
1.935221	.847871
1.938363	.846072
1.941504	.844242
1.944646	.842381
1.947788	.840490
1.950929	.838567
1.954071	.836615
1.957212	.834632
1.960354	.832620
1.963496	.830578
1.966637	.828507
1.969779	.826406
1.972920	.824277
1.976062	.822120
1.979203	.819934
1.982345	.817721
1.985487	.815479
1.988628	.813211
1.991770	.810916
1.994911	.808593
1.998053	.806245
2.001195	.803871
2.004336	.801470
2.007478	.799045
2.010619	.796594
2.013761	.794119
2.016903	.791620
2.020044	.789097
2.023186	.786550
2.026327	.783980
2.029469	.781387
2.032611	.778772
2.035752	.776134
2.038894	.773476
2.042035	.770796
2.045177	.768095
2.048319	.765373
2.051460	.762632
2.054602	.759871
2.057743	.757091
2.060885	.754293
2.064027	.751476
2.067168	.748641
2.070310	.745789
2.073451	.742920
2.076593	.740035
2.079734	.737134
2.082876	.734217
2.086018	.731285
2.089159	.728339
2.092301	.725378
2.095442	.722404
2.098584	.719417
2.101726	.716417
2.104867	.713406
2.108009	.710382
2.111150	.707348
2.114292	.704303
2.117434	.701248
2.120575	.698184
2.123717	.695111
2.126858	.692029
2.130000	.688940
2.133142	.685843
2.136283	.682739
2.139425	.679629
2.142566	.676513
2.145708	.673392
2.148850	.670267
2.151991	.667138
2.155133	.664005
2.158274	.660869
2.161416	.657731
2.164557	.654591
2.167699	.651450
2.170841	.648309
2.173982	.645167
2.177124	.642027
2.180265	.638887
2.183407	.635749
2.186549	.632613
2.189690	.629481
2.192832	.626352
2.195973	.623227
2.199115	.620107
2.202257	.616992
2.205398	.613883
2.208540	.610781
2.211681	.607685
2.214823	.604598
2.217965	.601519
2.221106	.598449
2.224248	.595389
2.227389	.592339
2.230531	.589300
2.233673	.586272
2.236814	.583256
2.239956	.580253
2.243097	.577263
2.246239	.574287
2.249380	.571326
2.252522	.568379
2.255664	.565449
2.258805	.562534
2.261947	.559637
2.265088	.556757
2.268230	.553896
2.271372	.551053
2.274513	.548229
2.277655	.545426
2.280796	.542643
2.283938	.539881
2.287080	.537141
2.290221	.534423
2.293363	.531729
2.296504	.529058
2.299646	.526411
2.302788	.523788
2.305929	.521191
2.309071	.518620
2.312212	.516076
2.315354	.513558
2.318496	.511068
2.321637	.508606
2.324779	.506173
2.327920	.503769
2.331062	.501396
2.334204	.499052
2.337345	.496739
2.340487	.494458
2.343628	.492209
2.346770	.489992
2.349911	.487809
2.353053	.485659
2.356195	.483543
2.359336	.481462
2.362478	.479416
2.365619	.477405
2.368761	.475431
2.371903	.473493
2.375044	.471592
2.378186	.469729
2.381327	.467904
2.384469	.466117
2.387611	.464369
2.390752	.462661
2.393894	.460992
2.397035	.459364
2.400177	.457776
2.403319	.456229
2.406460	.454724
2.409602	.453260
2.412743	.451839
2.415885	.450461
2.419027	.449125
2.422168	.447833
2.425310	.446585
2.428451	.445380
2.431593	.444220
2.434734	.443105
2.437876	.442035
2.441018	.441010
2.444159	.440031
2.447301	.439098
2.450442	.438211
2.453584	.437370
2.456726	.436577
2.459867	.435830
2.463009	.435131
2.466150	.434479
2.469292	.433875
2.472434	.433318
2.475575	.432810
2.478717	.432350
2.481858	.431939
2.485000	.431576
2.488142	.431262
2.491283	.430996
2.494425	.430780
2.497566	.430613
2.500708	.430496
2.503850	.430427
2.506991	.430408
2.510133	.430439
2.513274	.430519
2.516416	.430648
2.519557	.430827
2.522699	.431056
2.525841	.431335
2.528982	.431663
2.532124	.432040
2.535265	.432468
2.538407	.432944
2.541549	.433471
2.544690	.434046
2.547832	.434671
2.550973	.435345
2.554115	.436069
2.557257	.436841
2.560398	.437662
2.563540	.438532
2.566681	.439450
2.569823	.440416
2.572965	.441431
2.576106	.442494
2.579248	.443604
2.582389	.444762
2.585531	.445967
2.588673	.447219
2.591814	.448517
2.594956	.449862
2.598097	.451254
2.601239	.452691
2.604381	.454173
2.607522	.455701
2.610664	.457273
2.613805	.458890
2.616947	.460551
2.620088	.462255
2.623230	.464003
2.626372	.465793
2.629513	.467626
2.632655	.469500
2.635796	.471417
2.638938	.473374
2.642080	.475371
2.645221	.477409
2.648363	.479486
2.651504	.481602
2.654646	.483756
2.657788	.485948
2.660929	.488177
2.664071	.490444
2.667212	.492746
2.670354	.495083
2.673496	.497456
2.676637	.499863
2.679779	.502303
2.682920	.504777
2.686062	.507282
2.689204	.509820
2.692345	.512388
2.695487	.514987
2.698628	.517615
2.701770	.520271
2.704911	.522956
2.708053	.525669
2.711195	.528407
2.714336	.531172
2.717478	.533962
2.720619	.536776
2.723761	.539613
2.726903	.542473
2.730044	.545355
2.733186	.548258
2.736327	.551181
2.739469	.554124
2.742611	.557085
2.745752	.560063
2.748894	.563059
2.752035	.566070
2.755177	.569096
2.758319	.572137
2.761460	.575191
2.764602	.578257
2.767743	.581334
2.770885	.584422
2.774027	.587520
2.777168	.590626
2.780310	.593740
2.783451	.596861
2.786593	.599987
2.789734	.603119
2.792876	.606254
2.796018	.609393
2.799159	.612533
2.802301	.615674
2.805442	.618816
2.808584	.621956
2.811726	.625095
2.814867	.628231
2.818009	.631363
2.821150	.634490
2.824292	.637611
2.827434	.640726
2.830575	.643832
2.833717	.646930
2.836858	.650018
2.840000	.653095
2.843142	.656161
2.846283	.659213
2.849425	.662252
2.852566	.665276
2.855708	.668285
2.858850	.671277
2.861991	.674251
2.865133	.677206
2.868274	.680142
2.871416	.683057
2.874557	.685950
2.877699	.688821
2.880841	.691669
2.883982	.694492
2.887124	.697289
2.890265	.700060
2.893407	.702804
2.896549	.705519
2.899690	.708205
2.902832	.710861
2.905973	.713487
2.909115	.716080
2.912257	.718640
2.915398	.721167
2.918540	.723658
2.921681	.726115
2.924823	.728535
2.927965	.730918
2.931106	.733263
2.934248	.735568
2.937389	.737835
2.940531	.740060
2.943673	.742244
2.946814	.744387
2.949956	.746486
2.953097	.748541
2.956239	.750552
2.959381	.752518
2.962522	.754438
2.965664	.756312
2.968805	.758138
2.971947	.759916
2.975088	.761645
2.978230	.763326
2.981372	.764956
2.984513	.766535
2.987655	.768064
2.990796	.769540
2.993938	.770964
2.997080	.772336
3.000221	.773654
3.003363	.774917
3.006504	.776127
3.009646	.777281
3.012788	.778380
3.015929	.779423
3.019071	.780410
3.022212	.781339
3.025354	.782212
3.028496	.783027
3.031637	.783785
3.034779	.784484
3.037920	.785125
3.041062	.785706
3.044204	.786229
3.047345	.786692
3.050487	.787096
3.053628	.787440
3.056770	.787724
3.059911	.787948
3.063053	.788112
3.066195	.788215
3.069336	.788258
3.072478	.788240
3.075619	.788161
3.078761	.788022
3.081903	.787822
3.085044	.787562
3.088186	.787240
3.091327	.786859
3.094469	.786416
3.097611	.785914
3.100752	.785351
3.103894	.784728
3.107035	.784045
3.110177	.783302
3.113319	.782500
3.116460	.781639
3.119602	.780718
3.122743	.779739
3.125885	.778702
3.129027	.777606
3.132168	.776453
3.135310	.775243
3.138451	.773975
3.141593	.772652
