0.000000	0.000000
.003142	.056050
.006283	.079266
.009425	.097079
.012566	.112095
.015708	.125323
.018850	.137281
.021991	.148275
.025133	.158506
.028274	.168114
.031416	.177199
.034558	.185837
.037699	.194089
.040841	.202001
.043982	.209611
.047124	.216952
.050265	.224049
.053407	.230924
.056549	.237597
.059690	.244084
.062832	.250399
.065973	.256555
.069115	.262563
.072257	.268432
.075398	.274171
.078540	.279789
.081681	.285291
.084823	.290685
.087965	.295977
.091106	.301170
.094248	.306271
.097389	.311284
.100531	.316212
.103673	.321060
.106814	.325831
.109956	.330527
.113097	.335153
.116239	.339711
.119381	.344203
.122522	.348632
.125664	.352999
.128805	.357308
.131947	.361560
.135088	.365757
.138230	.369901
.141372	.373993
.144513	.378035
.147655	.382028
.150796	.385974
.153938	.389874
.157080	.393729
.160221	.397541
.163363	.401310
.166504	.405038
.169646	.408726
.172788	.412374
.175929	.415984
.179071	.419556
.182212	.423092
.185354	.426592
.188496	.430056
.191637	.433487
.194779	.436883
.197920	.440247
.201062	.443578
.204204	.446877
.207345	.450145
.210487	.453383
.213628	.456591
.216770	.459769
.219911	.462918
.223053	.466039
.226195	.469131
.229336	.472196
.232478	.475234
.235619	.478246
.238761	.481231
.241903	.484190
.245044	.487123
.248186	.490031
.251327	.492915
.254469	.495774
.257611	.498609
.260752	.501420
.263894	.504208
.267035	.506973
.270177	.509714
.273319	.512433
.276460	.515130
.279602	.517805
.282743	.520458
.285885	.523089
.289027	.525699
.292168	.528288
.295310	.530856
.298451	.533404
.301593	.535931
.304734	.538438
.307876	.540925
.311018	.543392
.314159	.545840
.317301	.548268
.320442	.550677
.323584	.553067
.326726	.555438
.329867	.557790
.333009	.560124
.336150	.562439
.339292	.564737
.342434	.567016
.345575	.569277
.348717	.571521
.351858	.573747
.355000	.575955
.358142	.578146
.361283	.580320
.364425	.582477
.367566	.584616
.370708	.586739
.373850	.588846
.376991	.590935
.380133	.593008
.383274	.595065
.386416	.597106
.389557	.599130
.392699	.601138
.395841	.603130
.398982	.605107
.402124	.607067
.405265	.609012
.408407	.610942
.411549	.612856
.414690	.614754
.417832	.616638
.420973	.618506
.424115	.620358
.427257	.622196
.430398	.624019
.433540	.625827
.436681	.627620
.439823	.629399
.442965	.631162
.446106	.632911
.449248	.634646
.452389	.636366
.455531	.638072
.458673	.639763
.461814	.641440
.464956	.643103
.468097	.644752
.471239	.646387
.474380	.648008
.477522	.649615
.480664	.651207
.483805	.652787
.486947	.654352
.490088	.655903
.493230	.657441
.496372	.658966
.499513	.660477
.502655	.661974
.505796	.663458
.508938	.664928
.512080	.666385
.515221	.667829
.518363	.669259
.521504	.670676
.524646	.672080
.527788	.673471
.530929	.674849
.534071	.676214
.537212	.677566
.540354	.678905
.543496	.680231
.546637	.681544
.549779	.682844
.552920	.684132
.556062	.685406
.559203	.686668
.562345	.687918
.565487	.689154
.568628	.690378
.571770	.691590
.574911	.692789
.578053	.693975
.581195	.695149
.584336	.696311
.587478	.697460
.590619	.698597
.593761	.699721
.596903	.700834
.600044	.701933
.603186	.703021
.606327	.704097
.609469	.705160
.612611	.706211
.615752	.707250
.618894	.708277
.622035	.709292
.625177	.710295
.628319	.711286
.631460	.712265
.634602	.713232
.637743	.714187
.640885	.715130
.644027	.716061
.647168	.716980
.650310	.717888
.653451	.718784
.656593	.719668
.659734	.720540
.662876	.721401
.666018	.722250
.669159	.723087
.672301	.723913
.675442	.724727
.678584	.725529
.681726	.726320
.684867	.727099
.688009	.727867
.691150	.728623
.694292	.729368
.697434	.730101
.700575	.730823
.703717	.731533
.706858	.732232
.710000	.732920
.713142	.733596
.716283	.734261
.719425	.734914
.722566	.735557
.725708	.736188
.728850	.736808
.731991	.737416
.735133	.738013
.738274	.738600
.741416	.739175
.744557	.739738
.747699	.740291
.750841	.740832
.753982	.741363
.757124	.741882
.760265	.742390
.763407	.742888
.766549	.743374
.769690	.743849
.772832	.744313
.775973	.744766
.779115	.745209
.782257	.745640
.785398	.746060
.788540	.746470
.791681	.746868
.794823	.747256
.797965	.747633
.801106	.747999
.804248	.748354
.807389	.748698
.810531	.749032
.813673	.749355
.816814	.749667
.819956	.749968
.823097	.750259
.826239	.750539
.829380	.750808
.832522	.751066
.835664	.751314
.838805	.751551
.841947	.751778
.845088	.751994
.848230	.752199
.851372	.752394
.854513	.752578
.857655	.752752
.860796	.752915
.863938	.753067
.867080	.753210
.870221	.753341
.873363	.753462
.876504	.753573
.879646	.753673
.882788	.753763
.885929	.753842
.889071	.753911
.892212	.753970
.895354	.754018
.898496	.754056
.901637	.754084
.904779	.754101
.907920	.754108
.911062	.754104
.914203	.754091
.917345	.754067
.920487	.754032
.923628	.753988
.926770	.753933
.929911	.753868
.933053	.753793
.936195	.753708
.939336	.753613
.942478	.753507
.945619	.753392
.948761	.753266
.951903	.753130
.955044	.752984
.958186	.752828
.961327	.752662
.964469	.752486
.967611	.752299
.970752	.752103
.973894	.751897
.977035	.751681
.980177	.751455
.983319	.751218
.986460	.750972
.989602	.750716
.992743	.750450
.995885	.750175
.999026	.749889
1.002168	.749593
1.005310	.749288
1.008451	.748973
1.011593	.748647
1.014734	.748312
1.017876	.747968
1.021018	.747613
1.024159	.747249
1.027301	.746875
1.030442	.746491
1.033584	.746098
1.036726	.745694
1.039867	.745281
1.043009	.744859
1.046150	.744427
1.049292	.743985
1.052434	.743533
1.055575	.743072
1.058717	.742601
1.061858	.742121
1.065000	.741631
1.068142	.741131
1.071283	.740622
1.074425	.740104
1.077566	.739575
1.080708	.739038
1.083849	.738491
1.086991	.737934
1.090133	.737368
1.093274	.736792
1.096416	.736207
1.099557	.735613
1.102699	.735009
1.105841	.734396
1.108982	.733774
1.112124	.733142
1.115265	.732501
1.118407	.731850
1.121549	.731190
1.124690	.730521
1.127832	.729843
1.130973	.729155
1.134115	.728458
1.137257	.727752
1.140398	.727037
1.143540	.726312
1.146681	.725578
1.149823	.724835
1.152965	.724083
1.156106	.723322
1.159248	.722552
1.162389	.721772
1.165531	.720984
1.168672	.720186
1.171814	.719379
1.174956	.718564
1.178097	.717739
1.181239	.716905
1.184380	.716062
1.187522	.715210
1.190664	.714350
1.193805	.713480
1.196947	.712601
1.200088	.711714
1.203230	.710818
1.206372	.709912
1.209513	.708998
1.212655	.708075
1.215796	.707143
1.218938	.706202
1.222080	.705253
1.225221	.704295
1.228363	.703328
1.231504	.702352
1.234646	.701367
1.237788	.700374
1.240929	.699372
1.244071	.698361
1.247212	.697342
1.250354	.696314
1.253496	.695278
1.256637	.694232
1.259779	.693178
1.262920	.692116
1.266062	.691045
1.269203	.689965
1.272345	.688877
1.275487	.687781
1.278628	.686676
1.281770	.685562
1.284911	.684440
1.288053	.683310
1.291195	.682171
1.294336	.681023
1.297478	.679868
1.300619	.678703
1.303761	.677531
1.306903	.676350
1.310044	.675161
1.313186	.673964
1.316327	.672758
1.319469	.671544
1.322611	.670321
1.325752	.669091
1.328894	.667852
1.332035	.666605
1.335177	.665350
1.338319	.664087
1.341460	.662815
1.344602	.661536
1.347743	.660248
1.350885	.658952
1.354026	.657648
1.357168	.656337
1.360310	.655017
1.363451	.653689
1.366593	.652353
1.369734	.651009
1.372876	.649657
1.376018	.648297
1.379159	.646929
1.382301	.645553
1.385442	.644170
1.388584	.642778
1.391726	.641379
1.394867	.639972
1.398009	.638557
1.401150	.637134
1.404292	.635704
1.407434	.634265
1.410575	.632819
1.413717	.631366
1.416858	.629904
1.420000	.628435
1.423142	.626958
1.426283	.625474
1.429425	.623982
1.432566	.622482
1.435708	.620975
1.438849	.619460
1.441991	.617938
1.445133	.616408
1.448274	.614871
1.451416	.613326
1.454557	.611774
1.457699	.610214
1.460841	.608647
1.463982	.607072
1.467124	.605490
1.470265	.603901
1.473407	.602304
1.476549	.600700
1.479690	.599089
1.482832	.597470
1.485973	.595844
1.489115	.594211
1.492257	.592571
1.495398	.590923
1.498540	.589269
1.501681	.587607
1.504823	.585938
1.507965	.584262
1.511106	.582578
1.514248	.580888
1.517389	.579191
1.520531	.577486
1.523673	.575775
1.526814	.574057
1.529956	.572331
1.533097	.570599
1.536239	.568860
1.539380	.567113
1.542522	.565360
1.545664	.563600
1.548805	.561834
1.551947	.560060
1.555088	.558280
1.558230	.556492
1.561372	.554699
1.564513	.552898
1.567655	.551090
1.570796	.549276
1.573938	.547456
1.577080	.545628
1.580221	.543794
1.583363	.541953
1.586504	.540106
1.589646	.538252
1.592788	.536392
1.595929	.534525
1.599071	.532652
1.602212	.530772
1.605354	.528886
1.608496	.526993
1.611637	.525094
1.614779	.523188
1.617920	.521276
1.621062	.519358
1.624203	.517433
1.627345	.515502
1.630487	.513565
1.633628	.511622
1.636770	.509672
1.639911	.507716
1.643053	.505754
1.646195	.503786
1.649336	.501812
1.652478	.499831
1.655619	.497845
1.658761	.495852
1.661903	.493854
1.665044	.491849
1.668186	.489838
1.671327	.487821
1.674469	.485799
1.677611	.483770
1.680752	.481736
1.683894	.479695
1.687035	.477649
1.690177	.475597
1.693319	.473539
1.696460	.471476
1.699602	.469406
1.702743	.467331
1.705885	.465250
1.709026	.463163
1.712168	.461071
1.715310	.458973
1.718451	.456870
1.721593	.454760
1.724734	.452646
1.727876	.450525
1.731018	.448399
1.734159	.446268
1.737301	.444131
1.740442	.441989
1.743584	.439841
1.746726	.437688
1.749867	.435529
1.753009	.433366
1.756150	.431196
1.759292	.429022
1.762434	.426842
1.765575	.424657
1.768717	.422466
1.771858	.420271
1.775000	.418070
1.778142	.415864
1.781283	.413653
1.784425	.411437
1.787566	.409216
1.790708	.406989
1.793850	.404758
1.796991	.402521
1.800133	.400280
1.803274	.398033
1.806416	.395782
1.809557	.393526
1.812699	.391265
1.815841	.388999
1.818982	.386728
1.822124	.384452
1.825265	.382171
1.828407	.379886
1.831549	.377596
1.834690	.375301
1.837832	.373002
1.840973	.370698
1.844115	.368389
1.847257	.366075
1.850398	.363757
1.853540	.361435
1.856681	.359108
1.859823	.356776
1.862965	.354440
1.866106	.352099
1.869248	.349754
1.872389	.347405
1.875531	.345051
1.878673	.342693
1.881814	.340330
1.884956	.337963
1.888097	.335592
1.891239	.333217
1.894380	.330837
1.897522	.328453
1.900664	.326065
1.903805	.323673
1.906947	.321277
1.910088	.318876
1.913230	.316472
1.916372	.314063
1.919513	.311651
1.922655	.309234
1.925796	.306813
1.928938	.304389
1.932080	.301960
1.935221	.299528
1.938363	.297092
1.941504	.294652
1.944646	.292208
1.947788	.289760
1.950929	.287308
1.954071	.284853
1.957212	.282394
1.960354	.279932
1.963496	.277465
1.966637	.274995
1.969779	.272522
1.972920	.270045
1.976062	.267564
1.979203	.265080
1.982345	.262592
1.985487	.260101
1.988628	.257606
1.991770	.255108
1.994911	.252607
1.998053	.250102
2.001195	.247594
2.004336	.245082
2.007478	.242568
2.010619	.240050
2.013761	.237528
2.016903	.235004
2.020044	.232476
2.023186	.229945
2.026327	.227412
2.029469	.224875
2.032611	.222334
2.035752	.219791
2.038894	.217245
2.042035	.214696
2.045177	.212144
2.048319	.209589
2.051460	.207031
2.054602	.204470
2.057743	.201906
2.060885	.199340
2.064027	.196770
2.067168	.194198
2.070310	.191623
2.073451	.189046
2.076593	.186466
2.079734	.183883
2.082876	.181297
2.086018	.178709
2.089159	.176118
2.092301	.173525
2.095442	.170929
2.098584	.168331
2.101726	.165730
2.104867	.163127
2.108009	.160521
2.111150	.157913
2.114292	.155302
2.117434	.152690
2.120575	.150075
2.123717	.147457
2.126858	.144838
2.130000	.142216
2.133142	.139592
2.136283	.136966
2.139425	.134337
2.142566	.131707
2.145708	.129074
2.148850	.126440
2.151991	.123803
2.155133	.121164
2.158274	.118524
2.161416	.115881
2.164557	.113237
2.167699	.110590
2.170841	.107942
2.173982	.105292
2.177124	.102640
2.180265	.099986
2.183407	.097331
2.186549	.094674
2.189690	.092015
2.192832	.089354
2.195973	.086692
2.199115	.084029
2.202257	.081363
2.205398	.078696
2.208540	.076028
2.211681	.073358
2.214823	.070686
2.217965	.068014
2.221106	.065339
2.224248	.062664
2.227389	.059987
2.230531	.057308
2.233673	.054629
2.236814	.051948
2.239956	.049265
2.243097	.046582
2.246239	.043897
2.249380	.041212
2.252522	.038525
2.255664	.035837
2.258805	.033147
2.261947	.030457
2.265088	.027766
2.268230	.025074
2.271372	.022381
2.274513	.019687
2.277655	.016992
2.280796	.014296
2.283938	.011599
2.287080	.008901
2.290221	.006203
2.293363	.003504
2.296504	.000804
2.299646	-.001897
2.302788	-.004598
2.305929	-.007300
2.309071	-.010003
2.312212	-.012706
2.315354	-.015410
2.318496	-.018114
2.321637	-.020819
2.324779	-.023524
2.327920	-.026230
2.331062	-.028936
2.334204	-.031643
2.337345	-.034350
2.340487	-.037057
2.343628	-.039765
2.346770	-.042473
2.349911	-.045181
2.353053	-.047890
2.356195	-.050599
2.359336	-.053308
2.362478	-.056017
2.365619	-.058726
2.368761	-.061435
2.371903	-.064144
2.375044	-.066854
2.378186	-.069563
2.381327	-.072273
2.384469	-.074982
2.387611	-.077691
2.390752	-.080401
2.393894	-.083110
2.397035	-.085819
2.400177	-.088527
2.403319	-.091236
2.406460	-.093944
2.409602	-.096652
2.412743	-.099360
2.415885	-.102067
2.419027	-.104774
2.422168	-.107481
2.425310	-.110187
2.428451	-.112893
2.431593	-.115598
2.434734	-.118303
2.437876	-.121008
2.441018	-.123711
2.444159	-.126415
2.447301	-.129117
2.450442	-.131819
2.453584	-.134521
2.456726	-.137221
2.459867	-.139921
2.463009	-.142621
2.466150	-.145319
2.469292	-.148017
2.472434	-.150713
2.475575	-.153409
2.478717	-.156104
2.481858	-.158799
2.485000	-.161492
2.488142	-.164184
2.491283	-.166875
2.494425	-.169566
2.497566	-.172255
2.500708	-.174943
2.503850	-.177630
2.506991	-.180316
2.510133	-.183001
2.513274	-.185684
2.516416	-.188367
2.519557	-.191048
2.522699	-.193728
2.525841	-.196406
2.528982	-.199083
2.532124	-.201759
2.535265	-.204434
2.538407	-.207107
2.541549	-.209779
2.544690	-.212449
2.547832	-.215117
2.550973	-.217785
2.554115	-.220450
2.557257	-.223114
2.560398	-.225777
2.563540	-.228438
2.566681	-.231097
2.569823	-.233754
2.572965	-.236410
2.576106	-.239064
2.579248	-.241717
2.582389	-.244367
2.585531	-.247016
2.588673	-.249663
2.591814	-.252308
2.594956	-.254951
2.598097	-.257592
2.601239	-.260231
2.604381	-.262868
2.607522	-.265503
2.610664	-.268137
2.613805	-.270768
2.616947	-.273397
2.620088	-.276024
2.623230	-.278648
2.626372	-.281271
2.629513	-.283892
2.632655	-.286510
2.635796	-.289126
2.638938	-.291739
2.642080	-.294351
2.645221	-.296960
2.648363	-.299566
2.651504	-.302171
2.654646	-.304772
2.657788	-.307372
2.660929	-.309969
2.664071	-.312563
2.667212	-.315155
2.670354	-.317745
2.673496	-.320332
2.676637	-.322916
2.679779	-.325497
2.682920	-.328076
2.686062	-.330653
2.689204	-.333226
2.692345	-.335797
2.695487	-.338365
2.698628	-.340931
2.701770	-.343493
2.704911	-.346053
2.708053	-.348610
2.711195	-.351164
2.714336	-.353715
2.717478	-.356263
2.720619	-.358808
2.723761	-.361350
2.726903	-.363889
2.730044	-.366425
2.733186	-.368958
2.736327	-.371488
2.739469	-.374015
2.742611	-.376539
2.745752	-.379059
2.748894	-.381576
2.752035	-.384090
2.755177	-.386601
2.758319	-.389109
2.761460	-.391613
2.764602	-.394114
2.767743	-.396611
2.770885	-.399105
2.774027	-.401596
2.777168	-.404083
2.780310	-.406567
2.783451	-.409048
2.786593	-.411525
2.789734	-.413998
2.792876	-.416468
2.796018	-.418934
2.799159	-.421397
2.802301	-.423855
2.805442	-.426311
2.808584	-.428762
2.811726	-.431210
2.814867	-.433655
2.818009	-.436095
2.821150	-.438532
2.824292	-.440964
2.827434	-.443393
2.830575	-.445819
2.833717	-.448240
2.836858	-.450657
2.840000	-.453071
2.843142	-.455480
2.846283	-.457886
2.849425	-.460287
2.852566	-.462685
2.855708	-.465078
2.858850	-.467467
2.861991	-.469853
2.865133	-.472234
2.868274	-.474611
2.871416	-.476983
2.874557	-.479352
2.877699	-.481716
2.880841	-.484076
2.883982	-.486432
2.887124	-.488784
2.890265	-.491131
2.893407	-.493474
2.896549	-.495812
2.899690	-.498146
2.902832	-.500476
2.905973	-.502801
2.909115	-.505122
2.912257	-.507438
2.915398	-.509750
2.918540	-.512057
2.921681	-.514360
2.924823	-.516658
2.927965	-.518952
2.931106	-.521240
2.934248	-.523525
2.937389	-.525804
2.940531	-.528079
2.943673	-.530349
2.946814	-.532615
2.949956	-.534875
2.953097	-.537131
2.956239	-.539382
2.959381	-.541628
2.962522	-.543869
2.965664	-.546106
2.968805	-.548337
2.971947	-.550564
2.975088	-.552785
2.978230	-.555002
2.981372	-.557214
2.984513	-.559420
2.987655	-.561622
2.990796	-.563818
2.993938	-.566010
2.997080	-.568196
3.000221	-.570377
3.003363	-.572553
3.006504	-.574724
3.009646	-.576890
3.012788	-.579050
3.015929	-.581206
3.019071	-.583356
3.022212	-.585500
3.025354	-.587639
3.028496	-.589773
3.031637	-.591902
3.034779	-.594025
3.037920	-.596143
3.041062	-.598256
3.044204	-.600363
3.047345	-.602464
3.050487	-.604560
3.053628	-.606651
3.056770	-.608736
3.059911	-.610816
3.063053	-.612889
3.066195	-.614958
3.069336	-.617021
3.072478	-.619078
3.075619	-.621129
3.078761	-.623175
3.081903	-.625215
3.085044	-.627249
3.088186	-.629278
3.091327	-.631301
3.094469	-.633318
3.097611	-.635329
3.100752	-.637335
3.103894	-.639334
3.107035	-.641328
3.110177	-.643316
3.113319	-.645298
3.116460	-.647274
3.119602	-.649244
3.122743	-.651209
3.125885	-.653167
3.129027	-.655119
3.132168	-.657065
3.135310	-.659005
3.138451	-.660939
3.141593	-.662867
